1,1,0
1,2,2142
1,3,805
1,4,3587
1,5,3119
1,6,782
1,7,3838
1,8,2306
1,9,2762
1,10,2703
2,1,2136
2,2,0
2,3,1471
2,4,1469
2,5,1000
2,6,2423
2,7,1719
2,8,440
2,9,643
2,10,585
3,1,806
3,2,1467
3,3,0
3,4,2912
3,5,2443
3,6,1189
3,7,3163
3,8,1631
3,9,2087
3,10,2028
4,1,3580
4,2,1471
4,3,2915
4,4,0
4,5,468
4,6,3872
4,7,452
4,8,1318
4,9,884
4,10,884
5,1,3110
5,2,1001
5,3,2445
5,4,468
5,5,0
5,6,3478
5,7,746
5,8,849
5,9,414
5,10,415
6,1,780
6,2,2422
6,3,1190
6,4,3835
6,5,3477
6,6,0
6,7,4196
6,8,2586
6,9,3159
6,10,3090
7,1,3831
7,2,1721
7,3,3166
7,4,452
7,5,744
7,6,4199
7,7,0
7,8,1569
7,9,1134
7,10,1135
8,1,2301
8,2,441
8,3,1636
8,4,1328
8,5,860
8,6,2588
8,7,1579
8,8,0
8,9,494
8,10,444
9,1,2755
9,2,646
9,3,2090
9,4,877
9,5,408
9,6,3161
9,7,1128
9,8,495
9,9,0
9,10,66
10,1,2697
10,2,587
10,3,2032
10,4,892
10,5,424
10,6,3091
10,7,1143
10,8,434
10,9,74
10,10,0
